13.9
17.066667
17.1
18.533333
19.7
19.866667
20.033333
20.2
20.366667
95.833333
95.933333
96
96.1
96.2
96.3
96.366667
96.466667
96.566667
96.666667
96.733333
96.833333
96.933333
97.033333
97.2
97.3
97.5
97.566667
97.666667
97.866667
97.933333
98.033333
98.133333
98.233333
98.333333
98.4
98.5
98.6
98.7
98.766667
98.866667
98.966667
99.066667
99.133333
99.233333
99.333333
99.433333
99.533333
99.6
99.7
99.8
99.9
99.966667
100.066667
100.733333
100.8
104.333333
160.6
166.833333
167.2
167.3
167.466667
167.566667
167.666667
167.833333
168.133333
168.233333
168.6
168.666667
168.766667
169.9
170.066667
170.166667
170.333333
170.433333
172.766667
181.466667
181.7
181.8
181.933333
182.066667
182.166667
187.533333
195.533333
222.666667
229.766667
248.666667
265.133333
265.233333
272.066667
272.133333
272.666667
272.733333
272.8
272.9
272.966667
273.033333
273.1
273.2
273.266667
273.4
273.5
273.566667
273.633333
273.733333
273.8
273.866667
273.933333
274.033333
274.1
274.333333
274.4
274.466667
274.566667
274.633333
274.7
274.766667
274.866667
274.933333
275
275.066667
275.3
275.4
275.466667
275.533333
275.6
275.833333
275.9
276.233333
276.3
276.366667
276.433333
276.666667
288.1
307.966667
362.066667
372.5
390.6
390.666667
394.266667
404.7
414.7
421.033333
436.133333
468.533333
469.033333
487.033333
509.5
509.7
512.833333
540.533333
595.633333
